0.1 0.0
0.11385086798667908 0.0
0.12770173597335815 0.0
0.14155260396003724 0.0
0.1554034719467163 0.0
0.1692543399333954 0.0
0.18310520792007445 0.0
0.19695607590675354 0.0
0.21080694389343263 0.0
0.2246578118801117 0.0
0.23850867986679078 0.0
0.2523595478534698 0.0
0.26621041584014893 0.0
0.280061283826828 0.004926312249063761
0.29391215181350705 0.15057927369127377
0.30776301980018617 0.812619767296083
0.3216138877868652 1.7780247506954654
0.3354647557735443 2.427751455311084
0.3493156237602234 2.4787558682448765
0.3631664917469024 2.227115184917969
0.3770173597335815 1.9106823976996954
0.39086822772026064 1.6019489463518906
0.40471909570693965 1.3414469649831042
0.41856996369361876 1.1500757592248516
0.4324208316802979 1.0077468175599777
0.4462716996669769 0.8930237628087243
0.460122567653656 0.8173023344088294
0.4739734356403351 0.7686464948394948
0.4878243036270141 0.7282780169742066
0.5016751716136932 0.7110196500832049
0.5155260396003722 0.7137075450637314
0.5293769075870514 0.7253240787538839
0.5432277755737305 0.7579044134045972
0.5570786435604095 0.8044820176968716
0.5709295115470886 0.8596679746472614
0.5847803795337677 0.9276409946047663
0.5986312475204467 0.9877076050459925
0.6124821155071258 1.0535080636837393
0.6263329834938048 1.1147374512947048
0.640183851480484 1.1651616122429975
0.6540347194671631 1.2038469899720587
0.6678855874538421 1.223249999083992
0.6817364554405212 1.2144247876572152
0.6955873234272003 1.196805411565781
0.7094381914138793 1.1584591444713734
0.7232890594005584 1.1119478767814166
0.7371399273872374 1.0729037492378772
0.7509907953739166 1.0297539687994404
0.7648416633605957 0.9932854916158587
0.7786925313472747 0.9623604224272444
0.7925433993339538 0.937682389097273
0.8063942673206329 0.9245365544749852
0.8202451353073119 0.9189524810361203
0.834096003293991 0.9230345888180362
0.8479468712806701 0.9239376910444117
0.8617977392673491 0.9353837467762064
0.8756486072540283 0.9515990341870713
0.8894994752407074 0.9747991164605135
0.9033503432273864 1.0001552760572754
0.9172012112140655 1.0251970709073808
0.9310520792007445 1.0481482709674117
0.9449029471874236 1.06123442788958
0.9587538151741027 1.0692663520260963
0.9726046831607817 1.0703794041166639
0.9864555511474609 1.0670500456283616
1.00030641913414 1.0600463872373802
1.014157287120819 1.0547062704044978
1.0280081551074982 1.042387551708682
1.0418590230941773 1.0354843801839968
1.0557098910808562 1.0236595797116426
1.0695607590675353 1.013643763819786
1.0834116270542145 1.001057601784165
1.0972624950408936 0.990463728583973
1.1111133630275727 0.9868499344921331
1.1249642310142518 0.9837682998453547
1.138815099000931 0.9798846432342652
1.1526659669876098 0.9854113001972276
1.166516834974289 0.9869041783753444
1.180367702960968 0.991861776782638
1.1942185709476472 0.9983425242014947
1.2080694389343263 1.0057735770372822
1.2219203069210052 1.0087979058367804
1.2357711749076843 1.015968769126109
1.2496220428943634 1.0199576501848358
1.2634729108810425 1.0246542606364522
1.2773237788677216 1.030373427682911
1.2911746468544008 1.0282145859903549
1.3050255148410796 1.0255891913266781
1.3188763828277588 1.0224428122001095
1.3327272508144379 1.0212396426392305
1.346578118801117 1.016704831284582
1.3604289867877961 1.013730892152954
1.374279854774475 1.0103056851017769
1.3881307227611541 1.0092626068067678
1.4019815907478332 1.0051069375917967
1.4158324587345124 1.003999390405041
1.4296833267211915 1.002009778055995
1.4435341947078706 1.0004639629039636
1.4573850626945495 1.0053321263242436
1.4712359306812286 1.0029508326559935
