0.1 0.0
0.10400000000000001 0.0
0.10800000000000001 0.0
0.112 0.0
0.116 0.0
0.12000000000000001 0.0
0.124 0.0
0.128 0.0
0.132 0.0
0.136 0.0
0.14 0.0
0.14400000000000002 0.0
0.14800000000000002 0.002
0.15200000000000002 0.012
0.156 0.063
0.16 0.185
0.164 0.425
0.168 0.758
0.17200000000000001 1.065
0.176 1.283
0.18 1.429
0.184 1.423
0.188 1.306
0.192 1.203
0.196 1.049
0.2 0.871
0.20400000000000001 0.732
0.20800000000000002 0.596
0.21200000000000002 0.521
0.21600000000000003 0.427
0.22 0.369
0.224 0.316
0.228 0.288
0.232 0.257
0.23600000000000002 0.253
0.24000000000000002 0.235
0.24400000000000002 0.236
0.248 0.243
0.252 0.264
0.256 0.288
0.26 0.325
0.264 0.368
0.268 0.421
0.272 0.486
0.276 0.576
0.28 0.666
0.28400000000000003 0.781
0.28800000000000003 0.907
0.29200000000000004 1.026
0.29600000000000004 1.156
0.30000000000000004 1.25
0.30400000000000005 1.37
0.30800000000000005 1.419
0.312 1.455
0.316 1.487
0.32 1.498
0.324 1.483
0.328 1.484
0.332 1.429
0.336 1.406
0.33999999999999997 1.38
0.344 1.363
0.348 1.302
0.352 1.254
0.356 1.21
0.36 1.177
0.364 1.141
0.368 1.114
0.372 1.051
0.376 1.043
0.38 1.021
0.384 0.996
0.388 0.997
0.392 0.976
0.396 0.987
0.4 0.972
0.404 0.977
0.40800000000000003 0.981
0.41200000000000003 0.993
0.41600000000000004 0.981
0.42000000000000004 0.988
0.42400000000000004 0.976
0.42800000000000005 0.982
0.43200000000000005 0.997
0.43600000000000005 0.994
0.44000000000000006 1.0
0.44400000000000006 0.986
0.44800000000000006 0.987
0.45199999999999996 1.01
0.45599999999999996 0.985
0.45999999999999996 0.99
0.46399999999999997 0.984
0.46799999999999997 0.975
0.472 0.975
0.476 0.99
0.48 0.978
0.484 0.972
0.488 0.97
0.492 0.988
0.496 0.97
