0.1 0.0
0.10400000000000001 0.0
0.10800000000000001 0.0
0.112 0.0
0.116 0.0
0.12000000000000001 0.0
0.124 0.0
0.128 0.0
0.132 0.0
0.136 0.0
0.14 0.0
0.14400000000000002 0.0
0.14800000000000002 0.0
0.15200000000000002 0.0
0.156 0.0
0.16 0.0
0.164 0.0
0.168 0.0
0.17200000000000001 0.0
0.176 0.0
0.18 0.0
0.184 0.0
0.188 0.0
0.192 0.0
0.196 0.0
0.2 0.0
0.20400000000000001 0.0
0.20800000000000002 0.0
0.21200000000000002 0.0
0.21600000000000003 0.0
0.22 0.0
0.224 0.0
0.228 0.0
0.232 0.0
0.23600000000000002 0.0
0.24000000000000002 0.0
0.24400000000000002 0.007179153118470208
0.248 0.052436647113983895
0.252 0.2092595119862813
0.256 0.5579173618907983
0.26 1.1978741758574893
0.264 1.877692245656806
0.268 2.473955007012168
0.272 2.9295498031780944
0.276 2.99011460073204
0.28 2.845819226428169
0.28400000000000003 2.5306431235479363
0.28800000000000003 2.238784227948623
0.29200000000000004 1.9390724909591872
0.29600000000000004 1.6834606339984348
0.30000000000000004 1.4549483458650365
0.30400000000000005 1.2457895051245167
0.30800000000000005 1.1456480415899646
0.312 1.0410188241883704
0.316 0.9945963655996777
0.32 0.9072767947500269
0.324 0.8872340430772038
0.328 0.8830623317168973
0.332 0.8569766228183932
0.336 0.909315182019334
0.33999999999999997 0.8672055638235336
0.344 0.8806474300330126
0.348 0.9346353014076549
0.352 0.8871719541765876
0.356 0.8931011988832901
0.36 0.9189368364812764
0.364 0.9176202299977683
0.368 0.9594687076043957
0.372 0.9389459060196098
0.376 0.9542544861238074
0.38 1.0171495007753062
0.384 1.0147784912700273
0.388 1.019257383635256
0.392 1.0104469775878921
0.396 0.9995527208999148
0.4 0.9818472822884106
0.404 0.9634532761203489
0.40800000000000003 1.0100125093304344
0.41200000000000003 0.9806526669585655
0.41600000000000004 0.9899508234906711
0.42000000000000004 0.9751493258560706
0.42400000000000004 1.0218942097486736
0.42800000000000005 0.9731864531444685
0.43200000000000005 1.0031352361262438
0.43600000000000005 0.9711185177972096
0.44000000000000006 0.9866581439054597
0.44400000000000006 1.0259234984149226
0.44800000000000006 1.0272387680296953
0.45199999999999996 1.0256843624786776
0.45599999999999996 1.0130010735785815
0.45999999999999996 1.0378788775846977
0.46399999999999997 1.0095938226199321
0.46799999999999997 1.0053602039324294
0.472 0.9974618242089547
0.476 1.062227349771193
0.48 1.0584263513827168
0.484 1.0532784185556472
0.488 1.0496248184345196
0.492 1.06007609882452
0.496 1.0523656015676948
